ORACLE row1 full icon scan, x=1250..1440, y=283..356:
{
 "283": [
  [
   1411,
   1411
  ]
 ],
 "284": [
  [
   1411,
   1411
  ]
 ],
 "285": [
  [
   1411,
   1411
  ]
 ],
 "286": [
  [
   1411,
   1411
  ]
 ],
 "287": [
  [
   1411,
   1411
  ]
 ],
 "288": [
  [
   1411,
   1411
  ]
 ],
 "289": [
  [
   1411,
   1411
  ]
 ],
 "290": [
  [
   1411,
   1411
  ]
 ],
 "291": [
  [
   1411,
   1411
  ]
 ],
 "292": [
  [
   1411,
   1411
  ]
 ],
 "293": [
  [
   1411,
   1411
  ]
 ],
 "294": [
  [
   1411,
   1411
  ]
 ],
 "295": [
  [
   1411,
   1411
  ]
 ],
 "296": [
  [
   1411,
   1411
  ]
 ],
 "297": [
  [
   1411,
   1411
  ]
 ],
 "298": [
  [
   1411,
   1411
  ]
 ],
 "299": [
  [
   1411,
   1411
  ]
 ],
 "300": [
  [
   1341,
   1346
  ],
  [
   1411,
   1411
  ]
 ],
 "301": [
  [
   1340,
   1347
  ],
  [
   1411,
   1411
  ]
 ],
 "302": [
  [
   1339,
   1340
  ],
  [
   1347,
   1348
  ],
  [
   1411,
   1411
  ]
 ],
 "303": [
  [
   1339,
   1340
  ],
  [
   1347,
   1347
  ],
  [
   1411,
   1411
  ]
 ],
 "304": [
  [
   1339,
   1350
  ],
  [
   1411,
   1411
  ]
 ],
 "305": [
  [
   1339,
   1351
  ],
  [
   1411,
   1411
  ]
 ],
 "306": [
  [
   1339,
   1344
  ],
  [
   1351,
   1352
  ],
  [
   1411,
   1411
  ]
 ],
 "307": [
  [
   1339,
   1344
  ],
  [
   1351,
   1352
  ],
  [
   1411,
   1411
  ]
 ],
 "308": [
  [
   1340,
   1344
  ],
  [
   1351,
   1352
  ],
  [
   1411,
   1411
  ]
 ],
 "309": [
  [
   1341,
   1344
  ],
  [
   1351,
   1352
  ],
  [
   1411,
   1411
  ]
 ],
 "310": [
  [
   1343,
   1344
  ],
  [
   1351,
   1352
  ],
  [
   1411,
   1411
  ]
 ],
 "311": [
  [
   1343,
   1344
  ],
  [
   1351,
   1352
  ],
  [
   1411,
   1411
  ]
 ],
 "312": [
  [
   1344,
   1351
  ],
  [
   1411,
   1411
  ]
 ],
 "313": [
  [
   1345,
   1350
  ],
  [
   1411,
   1411
  ]
 ],
 "314": [
  [
   1411,
   1411
  ]
 ],
 "315": [
  [
   1411,
   1411
  ]
 ],
 "316": [
  [
   1250,
   1265
  ],
  [
   1411,
   1411
  ]
 ],
 "317": [
  [
   1250,
   1265
  ],
  [
   1411,
   1411
  ]
 ],
 "318": [
  [
   1250,
   1265
  ],
  [
   1411,
   1411
  ]
 ],
 "319": [
  [
   1250,
   1265
  ],
  [
   1411,
   1411
  ]
 ],
 "320": [
  [
   1250,
   1265
  ],
  [
   1411,
   1411
  ]
 ],
 "321": [
  [
   1250,
   1265
  ],
  [
   1411,
   1411
  ]
 ],
 "322": [
  [
   1250,
   1265
  ],
  [
   1411,
   1411
  ]
 ],
 "323": [
  [
   1411,
   1411
  ]
 ],
 "324": [
  [
   1344,
   1347
  ],
  [
   1411,
   1411
  ]
 ],
 "325": [
  [
   1343,
   1348
  ],
  [
   1411,
   1411
  ]
 ],
 "326": [
  [
   1343,
   1348
  ],
  [
   1411,
   1411
  ]
 ],
 "327": [
  [
   1340,
   1351
  ],
  [
   1411,
   1411
  ]
 ],
 "328": [
  [
   1341,
   1342
  ],
  [
   1349,
   1350
  ],
  [
   1411,
   1411
  ]
 ],
 "329": [
  [
   1341,
   1342
  ],
  [
   1349,
   1350
  ],
  [
   1411,
   1411
  ]
 ],
 "330": [
  [
   1341,
   1342
  ],
  [
   1349,
   1350
  ],
  [
   1411,
   1411
  ]
 ],
 "331": [
  [
   1341,
   1342
  ],
  [
   1349,
   1350
  ],
  [
   1411,
   1411
  ]
 ],
 "332": [
  [
   1341,
   1342
  ],
  [
   1349,
   1350
  ],
  [
   1411,
   1411
  ]
 ],
 "333": [
  [
   1341,
   1342
  ],
  [
   1349,
   1350
  ],
  [
   1411,
   1411
  ]
 ],
 "334": [
  [
   1341,
   1342
  ],
  [
   1349,
   1350
  ],
  [
   1411,
   1411
  ]
 ],
 "335": [
  [
   1341,
   1342
  ],
  [
   1349,
   1350
  ],
  [
   1411,
   1411
  ]
 ],
 "336": [
  [
   1341,
   1350
  ],
  [
   1411,
   1411
  ]
 ],
 "337": [
  [
   1343,
   1348
  ],
  [
   1411,
   1411
  ]
 ],
 "338": [
  [
   1411,
   1411
  ]
 ],
 "339": [
  [
   1411,
   1411
  ]
 ],
 "340": [
  [
   1411,
   1411
  ]
 ],
 "341": [
  [
   1411,
   1411
  ]
 ],
 "342": [
  [
   1411,
   1411
  ]
 ],
 "343": [
  [
   1411,
   1411
  ]
 ],
 "344": [
  [
   1411,
   1411
  ]
 ],
 "345": [
  [
   1411,
   1411
  ]
 ],
 "346": [
  [
   1411,
   1411
  ]
 ],
 "347": [
  [
   1411,
   1411
  ]
 ],
 "348": [
  [
   1411,
   1411
  ]
 ],
 "349": [
  [
   1411,
   1411
  ]
 ],
 "350": [
  [
   1411,
   1411
  ]
 ],
 "351": [
  [
   1411,
   1411
  ]
 ],
 "352": [
  [
   1411,
   1411
  ]
 ],
 "353": [
  [
   1411,
   1411
  ]
 ],
 "354": [
  [
   1411,
   1411
  ]
 ],
 "355": [
  [
   1411,
   1411
  ]
 ]
}
